130100011008
140700050201
140200050701
140200050702
140200050703
140200050704
140200050705
140200050706
140200050707
140801040404
140801040405
140801040406
140801040407
130201010201
130201010202
130201010203
130201010204
130201010205
130201010206
130201010207
140401050701
140300020401
140700050202
130100030607
140300020402
140300050101
101900020403
140100051001
140100051002
140100051003
140100051004
140100051005
140100051006
101900020405
101900050501
101900050502
101900050503
101900050504
140300050505
140300050506
140600090701
140600090702
140300050102
140600090704
140600090705
140600090706
140700030307
130100011101
130100011102
130100011103
130100011104
130100011105
130100011106
140700030310
140801040401
140700010607
140801040402
140200050801
140200050802
140200050803
140100010101
140100010102
140100010103
140100010104
130201010301
130201010302
130201010303
130201010304
140401060806
140600030403
110200010708
140100051101
140100051102
140100051103
140100051104
140100051105
140100051106
140100051107
140100051108
101900050601
101900050602
101900050603
101900050604
101900050605
140300050606
140300050607
140300050608
140300050609
140600090802
140600090803
140500050101
140500050102
140500050103
140500050104
140500050105
140500050106
140500050107
140500050108
130100011201
130100011202
130100011203
140600070301
140802041209
110200010710
140100010201
140100010202
140100010203
140100010204
140100010205
140100010206
140100010207
140100010208
130201010401
130201010402
130201010403
130201010404
130201010405
140402000102
140402000103
140402000104
140402000105
140402000106
140801060903
140700050209
140100051201
140100051202
140100051203
140100051204
101900050701
101900050702
101900050703
101900050704
101900050705
101900050706
101900050707
101900050708
101900050709
140600090902
140600090903
140500050201
140500050202
140500050203
140500050204
140500050205
130100011301
130100011302
130100011303
130100011304
130100011305
130100011306
130100011307
140801040701
140100010302
140100010303
140100010304
140100010305
140100010306
140100010307
140100010308
130201010501
130201010502
130201010503
130201010504
140402000201
140402000202
140402000203
140402000204
140402000205
140402000206
140402000207
140402000208
140402000209
140300050809
140300020105
140100051301
140100051302
140100051303
140100051304
140100051305
140100051306
140100051307
140100051308
140100051309
140100051310
140300050801
140300050802
140300050803
140300050804
140200010101
140200010102
140200010103
140200010104
140200010105
140200010106
140200010107
140200010108
140500050301
140500050302
140500050303
140500050304
140500050305
140500050306
140500050307
140500050308
140500050309
140500050310
140802040201
140802040202
140802040203
140802040204
140802040205
140802040206
140700020803
140700060307
140300050501
140100010401
140100010402
140100010403
140100010404
140100010405
140100010406
140100010407
130201010601
130201010602
130201010603
130201010604
130201010605
130201010606
130201010607
140402000304
140402000305
140402000306
140402000307
140600050101
140600050102
140600050103
140600050104
140600050105
140600050106
140300030201
140700060405
140700060406
140100051401
140100051402
140100051403
140100051404
140100051405
140100051406
140100051407
140100051408
140100051409
140100051410
140100051411
140100051412
140300050901
140300050902
140300050903
140200010201
140200010202
140200010203
140200010204
140200010205
140200010206
140200010207
140200010208
140500050401
140500050402
140500050403
140500050404
140500050405
140500050406
140500050407
140500050408
140600091001
140802040301
140802040302
140802040303
140802040304
140600050601
140401050101
140401050102
140401050103
140401050104
140401050105
140401050106
140401050107
140401050108
140100010501
140100010502
140100010503
140801040904
130201010701
130201010702
130201010703
130201010704
130201010705
130201010706
130201010707
140402000404
130201010709
140402000406
140801011801
140402000408
140600050201
140600050202
140600050203
140600050204
140801011802
140600050206
140801011803
140801011804
140100051501
140100051502
140200030301
140200030302
140300051001
140300051002
140300051003
140300051004
140300051005
140300051006
140300051007
140300051008
140200030304
140500050501
140500050502
140500050503
140500050504
140500050505
140500050506
140500050507
140700020103
140802040401
140802040402
140802040403
140401050201
140401050202
140401050203
140401050204
140401050205
140401050206
140401050207
140300020202
101900040402
140100010601
140801041002
140100010603
140100010604
140801041005
140801041006
130201010801
130201010802
130201010803
130201010804
101900010101
101900010102
101900010103
101900010104
101900010105
101900010106
101900010107
101900010108
140600050301
140600050302
130201021205
140600050304
140600050305
140600050306
140300020502
140700030309
140300020503
140300020504
140100051602
140100051603
140100051604
140100051605
140100051606
140100051607
140100051608
140100051609
140100051610
140100051611
140100051612
140100051613
140100051614
140100051615
140700070409
140700030407
140802040501
140802040502
140802040503
140802040504
140802040505
140700050106
140700050107
140401050301
140401050302
140801040501
140401050304
140401050305
140801040502
140801040503
140100010701
140100010702
140100010703
140100010704
140100010705
140100010706
140100010707
140100010708
130201010901
130201010902
130201010903
130201010904
101900010201
101900010202
101900010203
101900010204
101900010205
101900010206
101900010207
101900010208
101900010209
101900010210
140401070203
140600050404
140600050405
140600050406
140100051701
140100051702
140100051703
140100051704
140100051705
140300010602
140500070907
140700011307
140300050810
140600090703
140700020605
140802040601
140802040602
140802040603
140802040604
140802040605
140802040606
140802040607
140700050208
140401050401
140401050402
140401050403
140100010801
140100010802
140100010803
140801061001
101900010301
101900010302
140402000703
140300010304
140300010305
101900010306
101900010307
140600050501
140600050502
140600050503
140600050504
140801061004
140801061005
140801061006
140100051801
140100051802
140100051803
140100051804
140100051805
140100051806
140100051807
140300050401
140700050503
140802040701
140802040702
140802040703
140802040704
140300010303
140802040706
140802040707
140802040708
130100020101
130100020102
130100020103
130100020104
140401050505
140401050506
140300030103
140401050508
140401050509
140300030104
140200020803
110200030101
110200030102
110200030103
110200030104
110200030105
140100010906
110200030107
130201011101
130201011102
130201011103
130201011104
101900010401
140402000802
130201011107
101900010404
101900010405
140100011505
140300030108
140600050602
140600050603
140600050604
140200060402
140600050606
140600050607
140600050608
140300050204
140100011507
140600070302
140802030409
140100011508
140600070303
140100051901
140100051902
140200060405
140100051904
140100051905
140100051906
140200060406
140200060407
140801050105
140801050106
140802040801
140802040802
140802040803
130201010908
140802040805
140802040806
140802040807
140802040808
130100020201
130100020202
130100020203
130100020204
130100020205
130100020206
130100020207
140600100301
140300050601
110200030201
110200030202
110200030203
140100011004
140100011005
140100011006
140700060501
140300050603
101900010501
101900010502
101900010503
101900010504
101900010505
101900010506
101900010507
140600050701
140600050702
140300050605
140600070805
140600050705
140600050706
140600050707
140401070503
140600090801
130100030301
140401060702
140401060703
140401070504
140802040901
140802040902
140802040903
140802040904
140802040905
130100020301
130100020302
130100020303
130100020304
130100020305
130100020306
140401050707
140401050708
110200030301
110200030302
110200030303
110200030304
110200030305
110200030306
110200030307
110200030308
101900010601
101900010602
101900010603
101900010604
140402001005
101900010606
140402001007
140600050801
140600050802
140600050803
140600050804
140500010101
140500010102
140500010103
140500010104
140500010105
140500010106
140500010107
130201021006
140500010109
140500010110
140500010111
140600070809
140700050304
140801020101
140700020107
140802041001
140802041002
140802041003
140802041004
140802041005
140802041006
140802041007
140802041008
130100020401
140802041010
140802041011
140802041012
130100020405
130100020406
130100020407
130100020408
130100020409
130100020410
130100020411
140100011201
140100011202
110200030403
110200030404
140200060101
140200060102
110200030407
140402001101
140402001102
140402001103
140402001104
140300010705
140300010706
140600050901
140600050902
130201021305
140600050904
140500010201
140500010202
140500010203
140500010204
101900020602
140500010206
140500010207
140500010208
140500010209
101900020603
101900020604
140300020605
140700060609
140700030507
140600100101
140600100102
140600100103
140600100104
140802041101
140802041102
140802041103
140802041104
140802041105
140700050706
130100020501
130100020502
130100020503
130100020504
130100020505
140401050906
140801040602
140500020101
140700060610
140801040603
140100011301
140100011302
140100011303
140801040604
140200060202
140200060203
140200060204
140200060205
140200060206
140200060207
140200060208
140200060209
140402001202
140402001203
140402001204
140402001205
140300010806
140500010301
140500010302
140500010303
140500010304
140500010305
140500010306
140402000701
140100010209
140100010210
140700060612
140600091002
140600050903
140402000101
140402000702
140401050801
140600100201
140600100202
140600100203
140600100204
140600100205
140802041201
140802041202
140802041203
140802041204
140802041205
140802041206
140802041207
140802041208
130100020601
140802041210
140802041211
130100020604
130100020605
130100020606
130100020607
130100020608
130100020609
140100011401
140100011402
140200060301
140200060302
140200060303
140402001301
140402001302
140402001303
140402001304
140402001305
140402000704
140500010401
140500010402
140500010403
140500010404
140500010405
140500010406
140500010407
140500010408
140500010409
140500010410
140401010101
140401010102
140401010103
140401010104
140401010105
101900060101
101900060102
101900060103
101900060104
140401050604
140600100302
140600100303
140600100304
140802041301
140802041302
140802041303
140802041304
140802041305
140802041306
140802041307
140402000706
130100020701
130100020702
130100020703
130100020704
130100020705
130100020706
130100020707
130100020708
130100020709
130100020710
130100020711
130100020712
140700040103
140100011501
140100011502
140100011503
140100011504
140200060401
140100011506
140200060403
140200060404
140801050101
140801050102
140801050103
140801050104
140402001401
140402000707
140801050107
140801050108
140801050109
140801050110
140500010501
140500010502
140500010503
140500010504
140500010505
140500010506
140500010507
140500010508
140500010509
140500010510
140500010511
140600091008
140200060505
140401010201
140401010202
140401010203
101900060201
101900060202
101900060203
101900060204
101900060205
101900060206
101900060207
140600091009
140600100401
140600100402
140600100403
140802041401
140802041402
140802041403
140802041404
140802041405
140802041406
130100020801
130100020802
140300050701
140100011601
140100011602
140100011603
140100011604
140200060501
140200060502
140200060503
140200060504
140801050201
140801050202
140801050203
140801050204
140801050205
140402001502
140300050704
140300050705
140500010601
140500010602
140500010603
140500010604
140500010605
140500010606
140500010607
140700010101
140700010102
140300010601
140700010104
140700010105
140700060607
140401010301
140401010302
140401010303
140401010304
140401010305
140401010306
140401060801
140700010207
101900060301
101900060302
101900060303
101900060304
140401060803
140600100501
140600100502
140600100503
140600100504
140600100505
140600100506
140802041501
140802041502
140802041503
140802041504
140802041505
140802041506
140802041507
130100020901
130100020902
130100020903
130100020904
130100020905
130100020906
140401060807
140802010703
140500010108
140300050702
140300010603
140700040102
140200060601
140200060602
140200060603
140200060604
140801050301
140200060606
140700060102
130201020101
130201020102
130201020103
130201020104
130201020105
130201020106
140700010103
140500010701
140500010702
140500010703
140500010704
140500010705
140500010706
140500010707
140500010708
140500010709
140700010201
140700010202
140700010203
140700010204
140700010205
140700010206
140802040101
140700010208
140401010401
140401010402
140401010403
140802040102
140802040103
101900060401
101900060402
101900060403
101900060404
140200030505
140600100601
140600100602
140600100603
140600100604
140200030506
140600100606
140802041601
140802041602
140802041603
140802041604
140802041605
140802041606
140802041607
140802041608
140801020204
130100021002
140801020205
140500070702
140500070703
140801050401
140801050402
140801050403
140500070705
130201020201
130201020202
130201020203
130201020204
130201020205
130201020206
130201020207
140500010801
140500010802
140500010803
140500010804
101900020702
140401070802
101900020703
140700010301
140700010302
140700010303
140700010304
140700030603
140401010501
140401010502
140401010503
140401010504
140401010505
140700030605
101900060501
101900060502
101900060503
101900060504
140600100701
140600100702
140600100703
140600100704
140600100705
140600100706
140700070203
140802041701
140802041702
140802041703
140802041704
140402000602
140802041706
140802041707
130100021101
130100021102
140100010301
130100021104
130100021105
140801040702
140300010703
140801040703
140801040704
140500020203
140100020101
140100020102
140100020103
140100020104
140801050505
140801050506
130201020301
130201020302
130201020303
130201020304
130201020305
140500010901
140500010902
140500010903
140500010904
140500010905
140500010906
140700020805
140100010309
140700010401
140700010402
140700010403
140700010404
140700010405
140700010406
140700010407
140700010408
140401010601
140401010602
140401010603
140401010604
140401010605
101900060601
101900060602
101900060603
101900060604
101900060605
101900060606
101900060607
140600100801
140600100802
140600100803
140600100804
140500060101
140500060102
140500060103
140500060104
140500060105
140500060106
140500060107
140500060108
140500060109
140500060110
101900010403
140200040101
140200040102
140100030203
140100020201
140100020202
140100020203
130201020401
130201020402
130201020403
130201020404
130201020405
130201020406
140500011001
140500011002
140500011003
140500011004
140500011005
140200030303
140700010501
140700010502
140700010503
140700010504
140700010505
140401010701
140401010702
140401010703
140401010704
140401010705
140600100901
140600100902
140600100903
140600100904
140500060201
140500060202
140500060203
140500060204
140500060205
140500060206
140300030301
140500060208
140500060209
140500060210
140500060211
140802050101
140802050102
140802050103
140802050104
140802050105
140802050106
140300030303
140802050108
140802050109
140802050110
140600030901
140300030304
140401060601
140700040203
140801050701
140100020302
140100020303
140801050704
140600030904
130201020501
130201020502
130201020503
140500011101
140500011102
140500011103
140500011104
140500011105
140500011106
140500011107
140500011108
140700010601
140700010602
140700010603
140700010604
140700010605
140700010606
140200060605
140802010502
140401010801
140401010802
140401010803
140801050302
140600070505
140200020101
140200020102
140200020103
140200020104
140200020105
140200020106
140200020107
140600101004
140500060301
140500060302
140500060303
140500060304
140500060305
140500060306
140500060307
140500060308
140402000604
140802050201
140802050202
140802050203
140802050204
140802050205
140401050901
140801050801
140801050802
140801050803
140801050804
140801050805
130201020601
130201020602
130201020603
130201020604
130201020605
130201020606
130201020607
130201020608
140300050806
140600060102
140600060103
140600060104
140600060105
140300050807
140700010701
140700010702
140700010703
140700010704
140300050808
140700010706
140401010901
140401010902
140401010903
140401010904
140401010905
140401010906
140401010907
140401010908
140401010909
130100030501
140600091003
130100030502
140700050502
140200020201
140200020202
140200020203
140200020204
140600101101
140600101102
140200010109
140600101104
140600101105
140600101106
140200010110
140200010111
140802050301
140802050302
140802050303
140802050304
140200010112
140802050306
140802050307
140802050308
140401060101
140401060102
140200010113
140401060104
140401060105
140801050901
140801050902
140100020503
140100020504
140801050905
140801050906
140801050907
140801050908
140801050909
140801050910
130201020703
130201020704
130201020705
130201020706
130201020707
130201020708
140600060201
140600060202
140600060203
140600060204
140600060205
140600060206
140600060207
140600060208
140600060209
140600060210
140600060211
140700010804
140401011001
140401011002
140401011003
140401011004
140600040501
101900070404
140600030205
140200020301
140200020302
140200030605
140600101201
140600101202
140600101203
140600101204
140600101205
140600101206
140600040505
140802050401
140802050402
140802050403
140802050404
140802050405
140802050406
140802050407
140802050408
140802050409
140802050410
140802050411
140401060204
140401060205
140401060206
130201021501
140401060208
140401060209
140801051001
140801051002
140801051003
140801051004
140801051005
130201020801
130201020802
130201020803
130201020804
101900020101
101900020102
101900020801
101900020104
101900020105
140300010102
101900020802
140600060302
140600060303
140600060304
140600060305
140600060306
101900020803
140600060308
140700010901
140700010902
140700010903
140700010904
101900020804
140600030206
140401011101
140401011102
140401011103
140401011104
140401011105
140401011106
140401011107
140401011108
140401011109
140401011110
140801012003
140200020401
140200020402
140200020403
140801010101
140801010102
140801010103
140801010104
140600080507
140700060104
140802050501
140802050502
140801040801
140802050504
140700060105
140700060106
140700060107
140700060108
140801040802
140401060302
140401060303
140401060304
140801040803
140801040804
140401070501
130201020901
130201020902
130201020903
130201020904
130201020905
101900020202
101900020203
101900020204
140300020205
140300020206
140300020207
140300020208
140300020209
140600060402
140600060403
140600060404
140600060405
140600060406
140401070505
140700011001
140700011002
140700011003
140700011004
140700011005
140700011006
140700011007
140700011008
140401011201
140401011202
140801012006
140401011204
140401011205
140401011206
140100020401
140402000301
140402000302
140200020502
140200020503
140200020504
140801010201
140801010202
140200020507
140801010204
140200020509
140200020510
140200020511
140801012007
140802050601
140802050602
140802050603
140802050604
140802050605
140802050606
140802050607
140802050608
140802050609
140401060402
140401060403
140401060404
140401060405
140401060406
140802041609
140401060408
140401060409
140401060410
140401060411
140401060412
140801012008
130201021001
130201021002
130201021003
130201021004
101900020301
140300020302
101900020303
140300020304
140300020305
140300020306
140300020307
140300020308
140700060109
140801012009
140700011102
140700011103
140700011104
140700011105
140700011106
140700011107
140401011301
140401011302
140401011303
140401011304
140401011305
140200020601
140200020602
140200020603
140200020604
140801010301
140200020606
140200020607
140801010304
140801010305
140801010306
140200020611
140300050503
101900030401
101900030402
140802050702
140200021101
140802050704
140802050705
140802050706
101900030403
130100030101
130100030102
130100030103
140401060504
140300030404
130100020603
140300030405
140300030406
140300030407
130201021101
130201021102
130201021103
101900020401
101900020402
140300020403
140300020404
140300020405
140300020406
101900020407
101900020408
140600070602
140401040501
140700011201
140700011202
140700011203
140700011204
140401040502
140401040503
140500070701
140200020701
140200020702
140200020703
140200020704
140200020705
140200020706
140801010403
140801010404
140801010405
140801010406
140801010407
140801010408
140802050801
140802050802
140802050803
140802050804
140802050805
140802050806
140802050807
140700060408
130100030201
130100030202
130100030203
140401060604
140700030109
130201021201
130201021202
130201021203
130201021204
101900020501
101900020502
101900020503
101900020504
140300020505
140300020506
140300020507
140300020508
140300020509
140300020510
140300020511
140300020512
140300020513
140700011301
140700011302
140700011303
140700011304
140700011305
140700011306
110200020103
140700011308
140401040202
130100030601
130100030602
140200020801
140200020802
140401061003
140801010501
140801010502
140801010503
140801010504
140801010505
140600090507
140200010210
130100030605
130100030606
140700060502
140700060503
140700060504
140700060505
140401061007
140401060701
130100030302
130100030303
140401060704
140300030202
140600070808
140200010209
130201021301
130201021302
130201021303
130201021304
101900020601
140300020602
140300020603
140300020604
101900020605
101900020606
101900020607
101900020608
110200010801
140500020102
140500020103
140500020104
140500020105
140500020106
140801020203
140200020901
140200020902
140200020903
140200020904
140801010601
140801010602
140801010603
140801010604
140801010605
140801010606
140801010607
140801010608
140801010609
140801010610
140600080201
140700060601
140700060602
140700060603
140700060604
140700060605
140700060606
140500070901
140700060608
130100030401
130100030402
130100030403
130100030404
130100030405
130100030406
130100030407
130100030408
140300010101
130201021401
130201021402
130201021403
130201021404
140300020701
140300020702
140300020703
140300020704
140300020705
140300020706
140600100605
140300020902
140500020201
140500020202
140300020903
140500020204
140500020205
140300020904
140802010101
140802010102
140802010103
140802010104
140700010705
140700050303
140600030501
140200021001
140200021002
140200021003
140200021004
140801010701
140801010702
140801010703
140801010704
140801010705
140700060701
140700060702
140801040901
140700060704
140600070601
140801040902
140401060902
130100030503
130100030504
140401060905
140401060906
140801040903
140401060908
140100010504
140401070601
140401070602
130201021502
130201021503
130201021504
140300020801
140300020802
140300020803
140300020804
101900020805
101900020806
101900020807
101900020808
101900020809
140500020301
140500020302
140500020303
140500020304
140500020305
140401060207
140802010201
140802010202
140802010203
140802010204
140802010205
140802010206
140802010207
140802010208
140802010209
140802010210
140802010211
140402000401
140402000402
140200021102
140200021103
140801010801
140801010802
140402000403
140802041705
130201010708
140802010303
140700020301
140402000405
140700060801
140700060802
140700060803
140700060804
140700060805
140401061001
140401061002
140402000407
140401061004
140401061005
140401061006
110200010605
140401061008
140401030203
140200040302
130100021103
110200010608
130201021602
130201021603
130201021604
101900020901
101900020902
140200040305
101900020904
101900020903
140600050205
140500020401
140500020402
140500020403
140500020404
140500020405
140500020406
101900020304
140600030507
140802010301
140802010302
140802050703
140802010304
140802010305
140802010306
140802010307
140401020101
140401020102
140401020103
140200021201
140200021202
140200021203
140200021204
140801010901
140801010902
140801010903
101900070104
101900070105
101900030501
101900030502
140700060902
140700060903
140700060904
140700060905
140300030503
130100030701
130100030702
130100030703
140300030504
140700060404
140300030505
140600050906
140600031103
140100010606
101900070101
101900070102
140801060102
140801060103
140801060104
140300021001
140801060106
101900070103
140300021004
140300021005
140500020501
140500020502
140500020503
140500020504
140500020505
140500020506
140500020507
140500020508
130100010202
140801050501
140802010401
140802010402
140401040603
140802010404
140801050502
140802010406
140802010407
140802010408
140401020201
140401020202
140401020203
140401020204
140401020205
140401040605
140801050504
101900070201
101900070202
140801011003
101900070204
140801011005
140801011006
101900070207
140801040403
101900070209
101900070210
140700060202
140700061002
140700061003
140700061004
140700061005
140700061006
140700060407
140600040605
140700030401
140700060901
140700020102
140801060201
140801060202
140801060203
140801060204
140801060205
140300021102
140300021103
140300021104
140700010411
140500020601
140500020602
140500020603
140500020604
140500020605
140500020606
140500020607
140500020608
140500020609
140500020610
140500020611
140500020612
140500020613
140500020614
140500020615
140500020616
140802010505
140802010506
140802010507
140802010508
140401020301
140401020302
140401020303
140401020304
140200040506
140300030302
140801011101
140801011102
140801011103
140801011104
140801011105
140801011106
140700030404
140700061101
140700061102
140700061103
140700061104
140200040507
140801010401
140801060301
140801060302
140801060303
140801060304
140801060305
140801010402
140300040101
140300040102
140802010601
140802010602
140802010603
140802010604
140802010605
140401020401
140401020402
140401020403
140401020404
140700010409
140801061002
140700010410
140801011201
140801011202
140801011203
140801011204
140801011205
140600050704
140402000503
140801050503
140801060101
140700020104
140801060401
140801060402
140801060403
140801060404
140801060405
140801060406
140801060407
140801060408
140300021002
140300010403
140300021003
140402000505
140802010701
140802010702
140700020303
140802010704
140802010705
140802010706
140802010707
140802010708
140401020501
140401020502
140401020503
140401020504
140401020505
140401020506
140401020507
140401020508
140700030410
140801011301
140801011302
140801011303
101900070504
140802050309
140700070503
140801041001
140100010602
140801041003
140801041004
140100010605
140100030101
140801060502
140801060503
140401070703
140600100805
140401070704
140700060611
140100020601
140700060103
140500020509
140700020401
140700020402
140700020403
140700020404
140700020405
140700020406
140700020407
140401020601
140401020602
140401020603
140401020604
140401020605
140401020606
140402000501
140402000502
140801011401
140801011402
140801011403
140401060501
140402000504
140802010403
140700040201
140500070101
140500070102
140500070103
140500070104
140500070105
140500070106
140402000506
140802010405
140200040401
140200040402
110200010707
140802010409
140801060601
140801060602
140801060603
140801060604
140100030205
140100030206
140200040405
140100030208
140100030209
140802010411
140801030102
140200040407
140801030104
140700020501
140700020502
140700020503
140700020504
140700020505
140700020506
140700020507
140700020508
140700020509
140300010402
140801011501
140801011502
140801011503
140801011504
140801011505
140801011506
140801011507
140600030801
101900030601
140500070201
140500070202
140500070203
140500070204
140500070205
140500070206
140300030603
101900030604
140700011205
101900030605
140600031203
140801011001
140200020608
140300010404
140801060701
140801060702
140801060703
140801060704
140100030305
140801060706
101900070203
140300010104
140801011004
140700050404
101900070205
101900070206
140801050601
140300050504
140300010405
140700020602
140700020603
140700020604
140801050602
140700050305
140500030101
101900070208
140801050603
140600070806
140600070807
140300050703
140401080301
101900070801
140801011602
140801011603
140801011604
140200030101
140200030102
140200030103
140200030104
140200030105
140500070301
101900030602
140500070303
140500070304
140700061001
140801040601
140801060801
140801060802
140801060803
140801060804
140801060805
140801060806
140801060807
140300020501
140600070101
140600070102
140600070103
140801030605
140700061007
140700020701
140700020702
140700020703
140401070603
140700061008
140600070906
140801061703
140801011701
140801011702
140801011703
101900070904
140200030201
140200030202
140401070604
140500070401
140500070402
140500070403
140500070404
140500070405
140500070406
140500070407
140700060703
140401070101
140401070102
140401070103
140401070605
140100030501
140100030502
140100030503
140801060904
140600050403
140300040201
140600070201
140600070202
140600070203
140600070204
140600070205
140600070206
140700050101
140700020801
140700020802
101900040203
140700020804
140700050102
140700020806
140700050103
140700050104
140700050105
101900071001
101900071002
101900071003
101900071004
101900071005
101900071006
101900071007
101900071008
140200030305
140500070501
140500070502
140500070503
140500070504
140500070505
140500070506
140500070507
140500070508
140500070509
140500070510
140401040602
140401070201
140401070202
140401050303
140401070204
140401070205
140401070206
140401070207
140401070208
140100030601
140100030602
140100030603
140100030604
140100030605
140100030606
140300021101
140600091006
101900030101
101900030102
101900030103
101900030104
101900030105
101900030106
101900030107
101900030108
140300030109
140300030110
140300030111
140300030112
140401040604
140801011901
140801011902
140801011903
140801011904
140200030401
140200030402
140200030403
140200030404
140200030405
140801020102
140801020103
140801020104
140500070601
140500070602
140500070603
140500070604
140500070605
140500070606
140500070607
140500070608
140500070609
140700070101
140700070102
140700070103
140700070104
140700070105
140700070106
140700070107
140700070108
140401070301
140401070302
140401070303
140401070304
140401070305
140401070306
140401070801
101900020201
140801061101
140801061102
140801061103
101900070805
101900030201
101900030202
140300030203
101900030204
140100010709
140402000801
140600070402
140600070403
140600070404
130201010905
140500060207
130201010906
140802010501
140801012001
140801012002
130201010907
140801012004
140801012005
140200030502
140200030503
140200030504
140801020201
140801020202
140200030507
140200030508
140200030509
140801020206
130201010909
140500070704
140802010504
140500070706
140402000606
140700020105
140700050407
140700070201
140700070202
140402000607
140700070204
140700020106
140200040501
140402000608
140401070402
140401070403
140200040502
140600050401
110200010807
140600050402
140802010509
140801061201
140801061202
140801061203
140802010510
140200040505
101900030301
101900030302
101900030303
101900030304
140300030305
140300030306
140300030307
140600070501
140600070502
140600070503
140600070504
140200040508
140600070506
140600070507
140801012101
140801012102
140801012103
140801012104
140200030601
140200030602
140200030603
140200030604
140801020301
140801020302
140500070801
140500070802
140500070803
140500070804
140500070805
140500070806
140700070301
140700070302
140700070303
130100040101
130100040102
130100040103
130100040104
130100040105
140401070506
140401070507
101900070301
140801061301
140801061302
140801061303
140801061304
140801061305
140801061306
140801061307
140300030401
140300030402
140300030403
101900030404
101900030405
101900030406
101900030407
101900030408
101900030409
140300030410
140600070603
140100020301
140700040202
140801050702
140600070905
140801050703
140801060901
140100020304
140600070907
140600070908
140600070909
140801020401
140801020402
140801020403
140801020404
140801020405
140500070902
140500070903
140500070904
140500070905
140500070906
140801060902
140700070401
140700070402
140700070403
140700070404
140700070405
140700070406
140700070407
140700070408
130100040201
130100040202
130100040203
130100040204
130100040205
140801061401
140801061402
140801061403
140801061404
140801061405
140401060802
140300030501
140300030502
101900030503
101900030504
101900030505
140600070701
140600070702
140600070703
140600070704
140200020905
140600070706
140700010801
110200020405
110200020406
110200020407
140200020906
110200020408
140801020501
140801020502
140801020503
140500071001
140500071002
140500071003
140500071004
140500071005
140500071006
140500071007
140700070501
140700070502
140600031101
140700070504
140700070505
130100040301
130100040302
130100040303
130100040304
130100040305
130100040306
130100040307
140401060805
140801061501
140801061502
140801061503
140801061504
140801061505
140801061506
140300030601
140300030602
101900030603
140300030604
140300030605
101900030606
101900040301
140600070801
140600070802
140600070803
140600070804
101900040302
140500030102
140500030103
140500030104
140500030105
140500030106
140500030107
140500030108
140500030109
140500030110
101900040304
140700050203
140700050204
140700050205
140700050206
140700050207
140700030409
140500071101
140500071102
140500071103
140500071104
140500071105
140500071106
140500071107
140500071108
140600080205
140300050805
140700070601
140700070602
140600080503
140700070604
140700050210
140700070606
130100040401
130100040402
130100040403
130100040404
130100040405
130100040406
140801061601
140801061602
140801061603
140801061604
140801061605
140300030701
140300030702
140300030703
140300030704
140300030705
140300030706
140300030707
140600070901
140600070902
140600070903
140600070904
140500030201
140500030202
140500030203
140500030204
140500030205
140500030206
140500030207
140500030208
140500030209
140802020101
140802020102
140802020103
140802020104
140802020105
140802020106
140700070701
140700070702
140700070703
140700070704
140700070705
140700070706
140401070901
140401070902
130100040503
130100040504
140401070905
140401070906
140401070907
140401070908
140401070909
140401070910
130100040501
140600101003
130100040502
140801061702
140200040306
140801061704
140801061705
140401070903
140401070904
140600071001
140600071002
140600071003
140500030301
140500030302
140500030303
140802020201
140802020202
140802020203
140802020204
140802020205
140802020206
140300010301
140802020208
140802020209
140802020210
140300010302
140700020201
101900010303
140700020202
101900010304
140700020203
140402000705
140700020204
140300010306
140700020205
140300010307
140600030101
140600030102
140600030103
140600030104
130100040601
130100040602
130100040603
130100040604
130100040605
130100040606
140801061701
140401071008
130100040609
130100040610
130100040611
140801061801
140801061802
140801061803
140801061804
140801061805
140801061806
140801061807
140600050505
140600071101
140600071102
140600071103
140600071104
140500030401
140500030402
140500030403
140500030404
140600090103
140802020301
140802020302
140802020303
140802020304
140802020305
140401030101
140401030102
140401030103
140401030104
140401030105
140401030106
140401030107
140600030201
140600030202
140600030203
140600030204
130100040701
130100040702
130100040703
130100040704
130100040705
130100040706
101900070401
140801061901
140801061902
140801061903
140801061904
140801061905
101900070403
140801070101
140801070102
140801070103
140801070104
140801070105
140801070106
140801070107
140801070108
140500030501
140500030502
140500030503
140500030504
140500030505
140500030506
140500030507
140700040101
140802020401
140802020402
140802020403
140802020404
140802020405
140401030201
140401030202
140801011002
140600030301
140600030302
140600030303
140600030304
140600030305
140600030306
140600030307
140600030308
140801062001
140801062002
140801062003
140801062004
140801062005
140801062006
140801062007
140801062008
140801070201
140801070202
140801070203
140801070204
140801070205
140801070206
140801070207
140801070208
140801070209
140801070210
140801070211
140801070212
140500030601
140500030602
140500030603
140500030604
140500030605
140500030606
140700030101
140700030102
140200050201
140700030104
140700030105
140700030106
140802020207
140700030108
140401030301
140401030302
140401030303
140401030304
140401030305
140401030306
110200020507
140401030308
140401030309
140600070401
140801060107
140600030401
140600030402
110200010607
140600030404
140600030405
140600030406
140801070301
140801070302
140801070303
140801070304
140801070305
140801070306
140801070307
140801070308
140801070309
140801070310
101900040401
140500030701
140500030702
140500030703
140500030704
140500030705
101900040403
140700050302
101900040404
140700030202
140700030203
140700030204
140700030205
140700030206
140700030207
140700030208
140401030401
140401030402
140401030403
140401030404
140802040705
140700020101
140401050501
140802050311
101900020103
140401050502
140600030502
140600030503
140600030504
140600030505
140600030506
140401050503
140600080605
140401050504
140401040601
140401050507
130100040607
140700030501
140500030801
140500030802
140500030803
140500030804
140500030805
140500030806
140500030807
140500030808
140500030809
140700030301
140700030302
140700030303
140700030304
140700030305
140700030306
140801011805
140700030308
140401030501
140401030502
140401030503
140401030504
110200010101
110200010102
110200010103
140100010901
140200021206
140100010902
140600050303
140600030601
140600030602
140100010903
140600030604
140600030605
140100010904
140100010905
140802030205
140600101103
110200030106
140600040403
140401071003
140100040101
140100040102
140100040103
140100040104
140100040105
140100040106
140401071005
140100050504
140500030901
140500030902
140500030903
140500030904
140500030905
140500030906
140500030907
140500030908
140500030909
130100040608
140700030402
140700030403
140100020501
140700030405
140700030406
130201011105
140700030408
140401030601
140401030602
140401030603
140401030604
101900010402
140401030606
140401030607
140401030608
140401030609
140401030610
140402000803
140700020302
110200010201
110200010202
110200010203
110200010204
110200010205
110200010206
110200010207
110200010208
110200010209
140600030701
140600030702
140600030703
140600030704
140600030705
101900070302
101900030203
140802010709
140300030101
140802010710
140802050305
140100040201
140100040202
140100040203
140600050605
101900070303
140100051601
140500031001
140500031002
140500031003
140500031004
140500031005
140300030102
140500031007
140500031008
140802050310
140700030502
140700030503
140700030504
140700030505
140700030506
140401060103
140700030508
101900020701
101900070304
110200010301
110200010302
110200010303
110200010304
140700040801
140600031407
101900070305
140600030802
140600030803
140600030804
140600030805
140600030806
101900070501
101900070502
101900070402
101900070503
140100040301
140100040302
140300030105
140100051903
140500031101
140500031102
140500031103
140100020502
140600071105
140700030601
140700030602
140801050903
140700030604
140600071106
140700030606
140801050904
140600071107
140402000303
140300030106
130100050201
110200010401
110200010402
110200010403
110200010404
110200010405
110200010406
140200040103
130201020701
140300030107
130201020702
140600030902
140600030903
140402001501
140600030905
140600030906
140600030907
140600030908
140600091004
101900040303
140700030209
140100040401
140100040402
140100040403
140600080101
140600080102
140600080103
140600080104
140600080105
140600080106
140600080107
140200021205
140300040202
140100041003
110200010501
110200010502
140200040201
140200040202
140200040203
140200040204
140600031001
140600031002
140600031003
140600031004
140600031005
140600031006
140401080101
140401080102
140401080103
140401080104
140700060401
140700070603
140700010802
140700010803
140100040501
140100040502
140100040503
140100040504
140100040505
140100040506
140100040507
140802010503
140700050401
140700050606
140600080202
140600080203
140600080204
140700050402
140600080206
140600080207
140600080208
140700050403
140802040804
140600091005
140700050405
140700050406
110200010601
110200010602
110200010603
110200010604
140200040301
110200010606
140200040303
140200040304
110200010609
110200010610
140200040307
140802040809
140401050602
140600031102
140801060501
140600031104
140402001402
140401050603
140100030102
140401080201
140401080202
140401080203
140401080204
140401080205
140401080206
140401080207
140401080208
140401080209
140401080210
140401080211
140300010205
140100040601
140100040602
140100040603
140402001403
101900040101
101900040102
101900040103
101900040104
140600080301
140600080302
140600080303
140600080304
140401090310
140401070502
101900010305
140700060402
140300010201
140300010203
140300051009
110200010701
110200010702
110200010703
110200010704
110200010705
110200010706
140200040403
140200040404
140801030101
140200040406
140801030103
140200040408
140801030105
140801030106
140801030107
140100011002
140600031201
140600031202
140100011003
140600031204
140200030501
110200030204
130201010806
140401080302
140401080303
140401080304
140401080305
140401080306
140401080307
140401080308
140401080309
140600030603
140100040701
140100040702
140100040703
140100040704
140100040705
140100040706
140100040707
140100040708
140100040709
140600090406
101900040201
101900040202
140300040203
101900040204
101900040205
101900040206
101900040207
140600080401
140600080402
140600080403
140600080404
140600080405
140600080406
140600080407
140600080408
140300010501
140300050305
140300010502
140300010503
140401070401
140300010504
110200010802
110200010803
110200010804
110200010805
110200010806
140200040503
140200040504
140801030201
140801030202
140801030203
140801030204
140801030205
140801030206
140801030207
140600031301
140600031302
140600031303
140600031304
140300050103
140600070705
140700060403
140700070605
140300010202
140600050703
140300020301
140801030501
140100040801
140100040802
110200011110
140300040301
140300040302
140300040303
140300040304
140300040305
140300040306
101900020404
140600080501
140600080502
140401060201
140600080504
140600080505
140600080506
140300050301
140600080508
140401060202
140600090304
140401060203
140600090305
140600091007
140802050613
110200010901
110200010902
110200010903
110200010904
110200010905
110200010906
110200010907
140801030301
140801030302
140801030303
140801030304
140801030305
130100020602
140600031401
140600031402
140600031403
140600031404
140600031405
140600031406
101900020406
130100050101
130100050102
130100050103
130100050104
130100050105
130100050106
130100050107
130100050108
130100050109
101900070603
140100040901
140100040902
140100040903
140300040401
140300040402
140300040403
140300040404
140300040405
140300040406
140300040407
140300040408
140600080601
140600080602
140600080603
140600080604
140100020602
140100020603
130201021601
110200011001
110200011002
110200011003
110200011004
140801030401
140801030402
140801030403
140801030404
140801030405
140801030406
140801030407
140801030408
101900070601
140600031501
140600031502
140600031503
140600031504
140600031505
140801040504
130100050202
130100050203
130100050204
140300020101
140401040403
140300020102
101900070602
140100041001
140100041002
140300020103
140300020104
140300040501
140300040502
140300040503
140600080701
140600080702
140600080703
140600080704
140600080705
140600080706
140600080707
140600080708
140600080806
130100021001
140600060301
110200011101
110200011102
110200011103
110200011104
110200011105
110200011106
110200011107
110200011108
110200011109
140801030502
140801030503
140801030504
140801030505
140801030506
140600060307
130100050301
130100050302
130100050303
130100050304
140600090901
140300010204
140402000601
140700010905
140300040601
140300040602
140300040603
140300040604
140300040605
140300040606
140700050501
140600080801
140600080802
140600080803
140600080804
140500040101
140500040102
140500040103
140500040104
140500040105
140500040106
140500040107
140700050504
140700050505
110200011201
110200011202
110200011203
110200011204
110200011205
140402000603
110200011207
110200011208
110200011209
110200011210
140801030603
110200011212
110200011213
140801030606
140801030607
140801030608
140801030609
140801030610
140801030611
140401050702
140100030201
140401050703
140100030202
140600080805
130100050401
130100050402
130100050403
130100050404
130100050405
130100050406
130100050407
130100050408
140100030204
140401050706
140801060605
140801060606
140100030207
140401060904
140402000605
140300030408
140500040201
140500040202
140500040203
140500040204
140802030101
140802030102
140802030103
140802030104
140802030105
140802030106
140802030107
140802030108
140802030109
140802030110
140300030409
110200011301
110200011302
110200011303
110200011304
110200011305
110200011306
110200011307
140100011101
140100011102
140500031006
140401060901
140100050701
140600101001
140700061105
140500040301
140500040302
140500040303
140500040304
140500040305
140500040306
140500040307
140500040308
140500040309
140600101002
140402001001
140802030201
140802030202
140802030203
140802030204
140402001002
140402001003
140402001004
110200011402
110200011403
110200011404
110200011405
110200011406
101900010605
110200011408
110200011409
140402001006
140300050201
140300050202
140700060101
140300050203
110200011206
140600040102
140600040103
140600040104
140401060602
140600040106
140802050503
140300010206
140801030601
140401090311
140801030602
140600050805
110200011211
140401060603
140801030604
140401060301
140802010410
140600090404
140802030301
140802030302
140802030303
140802030304
140401040101
140401040102
140401040103
140401040104
140401040105
140401040106
140401040107
140401040108
140401040109
140401040110
140401040111
140401040112
140300050602
140700070109
140600040201
140600040202
140600040203
140600040204
140700050704
101900070701
101900070702
101900070703
101900070704
140300010401
140401050704
140300050604
140802030401
140802030402
140802030403
140802030404
140802030405
140802030406
140802030407
140802030408
140401040201
140802030410
140401040203
140401040204
140401040205
140401040206
140401040207
140100011001
140401070701
140700010608
140600040301
140600040302
140600040303
140600040304
140300020201
140401070702
140300020203
140300020204
140700030103
140300020601
140200050501
140700030107
140802030501
140802030502
140802030503
140401040301
140401040302
140401040303
140401040304
140401040305
140401040306
140700030110
140200050505
140401030605
140401050705
140700020704
140600040401
140600040402
140401030307
140600040404
140600040405
140700050601
140700050602
140700050603
140500070302
140700011009
140802030601
140802030602
140802030603
140802030604
140802030605
140700050605
140401040401
140401040402
140401011203
140401040404
140401040405
140401040406
140600090105
140802041009
140100030103
130100020402
140100030301
130100020403
140100030302
140600040502
140600040503
140600040504
130100020404
140600040506
140100030303
140100030304
140100051503
140801060705
140100030306
140700050604
140600060101
140700040301
140700040302
140700040303
140700040304
140700040305
140700040306
130100010101
130100010102
130100010103
130100010104
130100010105
130100010106
130201010805
140200020501
140700060301
110200020101
110200020102
110200030401
110200020104
110200020105
110200030402
140100011203
140200020505
140600040601
140600040602
140600040603
140600040604
140200020506
110200030405
140801010203
110200030406
140200020508
101900070905
140100050101
140100050102
140100050804
140402000901
140300010701
140700040401
140700040402
140700040403
140300010702
140700020601
130100010201
140402000902
130100010203
130100010204
130100010205
140401040606
140401040607
140300010704
140801010803
110200020201
110200020202
110200020203
110200020204
110200020205
110200020206
110200020207
110200020208
140300050302
140700060201
140402000903
140300050303
140600040701
140600040702
140600040703
140300050304
140700060203
140401050802
140700060204
140300050502
140700060205
140600050905
140100050201
140100050202
140100050203
140100050204
140100050205
140100050206
140600090501
140401050803
140401060401
140802050610
140500010205
140802050107
140802050611
140700040501
140700040502
140700040503
140700040504
140802050612
130100010301
130100010302
130100010303
130100010304
140401050804
140401060407
110200020301
110200020302
110200020303
110200020304
110200020305
140600040801
140600040802
140600040803
140600040804
140600040805
140600040806
140801011601
140801070311
101900070802
101900070803
140300010207
101900070804
140100050301
140100050302
140801011605
140100050304
140100050305
140100050306
140100050307
140100050308
140700050408
140600030105
140700040601
140700040602
140700040603
140700040604
140700040605
140700040606
130100010401
130100010402
140600030106
140700060303
110200020401
110200020402
110200020403
110200020404
140200050101
140200050102
140200050103
140200050104
140200050105
140200050106
140200050107
140200050108
140200050109
140200050110
140200050111
140200050112
140200050113
140200050114
140700020304
140600030107
130201021005
140100050303
140801061003
101900020302
140700030201
140300020303
140100050401
140100050402
140100050403
140100050404
101900020305
140200021005
140600090101
140600090102
140200050601
140600090104
140401060903
140600090106
140600090107
140600090108
140700040701
140700040702
140700040703
110200020506
130100010501
130100010502
130100010503
140700030210
110200020501
110200020502
110200020503
110200020504
110200020505
140200050202
140200050203
140200050204
140200050205
140700011101
140401090101
140401090102
140401090103
140401090104
140401090105
140401090106
140401090107
140401090108
140401090109
140100050501
140100050502
140100050503
140300010103
140100050505
140700050701
140700050702
140600090201
140600090202
140600090203
140600090204
140600090205
140600090206
140600090207
140600090208
140600090209
140700040802
140700040803
140700040804
140700040805
140700050705
130100010601
130100010602
140401060907
110200020601
110200020602
110200020603
140200050301
140200050302
140200050303
140200050304
140200050305
140200050306
140401050902
140100030401
140700050301
140401050903
140100030402
140401071001
140401050904
140100030403
140401050905
140401090201
140401090202
140401090203
140100030405
140100050601
140100050602
140100050603
140100050604
140401071002
101900050101
101900050102
101900050103
140300050104
140300050105
140300050106
140300050107
140600090301
140600090302
140600090303
140401050601
140300020901
140700050703
130100010701
130100010702
110200020701
110200020702
110200020703
110200020704
140200050401
140200050402
140200050403
140200050404
140801040101
140801040102
140801040103
140801040104
140401071004
140200020605
140801010302
140200060201
140801010303
140401090301
140401090302
140401090303
140401090304
140401090305
140401090306
140401090307
140401090308
140401090309
130201021505
140200020609
140401090312
140401090313
140200020610
140100050702
140100050703
140100050904
101900050201
101900050202
101900050203
101900050204
140300050205
140600090401
140600090402
140600090403
130201021506
140600090405
140401071006
140300010801
140300010802
130100010801
130100010802
140300010803
110200011401
140300010804
140300010805
110200020801
110200020802
110200020803
110200020804
110200020805
140200050502
140200050503
140200050504
140801040201
140801040202
140801040203
140300050402
140802050701
110200010709
140300050403
140700060302
140401060804
140300050404
110200011407
140700060304
140700060305
140700060306
140100050801
140100050802
140100050803
140300010105
140100050805
140600090601
140100030404
101900050301
101900050302
101900050303
101900050304
140401071009
140300050306
140300050307
140401060502
140600090502
140600090503
140600090504
140600090505
140600090506
140401060503
140600090605
140600060401
130100010901
130100010902
130100010903
110200020901
110200020902
110200020903
110200020905
140200050602
140200050603
140200050604
140801040301
140801040302
140801040303
140801040304
130100030603
130201010101
130201010102
130201010103
130201010104
130201010105
130201010106
130201010107
130201010108
130201010109
130201010110
101900070901
101900070902
101900070903
130100030604
140100050901
140100050902
140100050903
140801060105
140100050905
140100050906
140100050907
140100050908
140100050909
140600040101
101900050401
101900050402
101900050403
101900050404
101900050405
101900050406
140401071007
140600090602
140600090603
140600090604
140402001201
140600040105
130100011001
130100011002
130100011003
130100011004
130100011005
130100011006
130100011007
