130100011306
130100011203
130100011304
130100011305
130100011202
130100011008
130100011106
130100011301
130100011303
130100011302
130100011201
130100011007
130100011006
130100011102
130100011103
130100011104
130100011105
130100010802
130100010903
130100011005
130100011101
130100010801
130100010901
130100010902
130100010602
130100010702
130100011002
130100011003
130100011004
130100010601
130100010701
130100010503
130100011001
130100010304
130100010402
130100010502
130100010501
130100010205
130100010301
130100010302
130100010303
130100010106
130100010401
130100010203
130100010204
130100010202
130100010104
130100010105
130100010201
130100010102
130100010103
130100010101
